epoch=1 crossentropy(train): 2.141567091095015
epoch=1 crossentropy(validation): 2.1502231738985627
error(train): 0.8
error(validation): 0.8
